# col1:tauT row1:8taufT^2/taut^2 row2:med(tauT1) row3:err row4:med(tauT2) row5:err ...
1.388888888888888951e-01 2.025000000000000133e-01 2.070250000000000146e-01 2.116000000000000103e-01 2.162250000000000283e-01 2.209000000000000408e-01 2.256250000000000200e-01 2.304000000000000492e-01 2.352250000000000452e-01 2.401000000000000356e-01 2.450250000000000483e-01 2.500000000000000000e-01 2.550250000000001127e-01 2.600999999999999979e-01 2.652250000000001551e-01 2.704000000000000292e-01
1.388888888888888951e-01 5.328777091355705764e+00 5.291481235251304760e+00 5.262947691809980455e+00 5.242152701215756494e+00 5.219644800242392080e+00 5.201637666824137973e+00 5.169044134555148773e+00 5.137918633722943440e+00 5.105679773434650848e+00 5.073807055488398277e+00 5.038784671797575498e+00 4.987073049332439112e+00 4.971572814086416159e+00 4.935470671655700414e+00 4.905374737906274873e+00
1.388888888888888951e-01 6.142939482330511680e-02 6.271695153398226807e-02 6.110645028031136405e-02 5.810538243772889189e-02 5.522098526626795234e-02 5.197426129131077488e-02 4.910946571323737686e-02 4.793191296958099201e-02 4.635422838233083098e-02 4.549750713545730463e-02 4.434168305271235511e-02 4.438524779734898118e-02 4.130620819808239474e-02 4.067401690528260616e-02 3.944975059814836982e-02
1.666666666666666574e-01 6.047177576642225993e+00 6.030534910972224161e+00 6.013458146346582822e+00 5.991858644709363801e+00 5.964861157385717760e+00 5.944216476274768013e+00 5.922712556924952132e+00 5.899315519158996324e+00 5.872858499697300338e+00 5.840514256450978436e+00 5.799452626155916946e+00 5.759417637740654072e+00 5.734191365609903279e+00 5.704593580509927264e+00 5.674640937337868785e+00
1.666666666666666574e-01 9.976127574064275194e-02 9.741188299756675661e-02 9.513745474029100535e-02 9.206387799125170801e-02 9.062765692122987105e-02 9.036143984671785034e-02 8.690768304717977344e-02 8.581236198902075785e-02 8.414556073590961915e-02 8.443745917718548100e-02 8.195402789905603669e-02 7.983123039205963778e-02 7.554774901547034460e-02 7.418010418311027365e-02 7.378807882797921991e-02
1.944444444444444475e-01 6.826862668309838789e+00 6.820870916212192547e+00 6.810135590163890917e+00 6.783165496319949028e+00 6.741600019989475001e+00 6.703243498001942413e+00 6.678769743011404358e+00 6.657782804618427086e+00 6.639527560227653780e+00 6.613145530954126272e+00 6.577059011871714489e+00 6.545638172773927010e+00 6.513485362205895690e+00 6.482390559650533568e+00 6.448575835936164680e+00
1.944444444444444475e-01 1.358124053425040501e-01 1.320684390722357548e-01 1.285586658029735929e-01 1.256651731516553738e-01 1.199699770089823758e-01 1.159219091391632261e-01 1.116615631839863454e-01 1.081798578977473113e-01 1.051307572751820629e-01 1.069320075410322701e-01 1.101317914330621761e-01 1.063755225207767552e-01 1.063718393289443398e-01 1.027482379475284091e-01 1.034749819988993735e-01
2.222222222222222099e-01 7.623002327698431557e+00 7.636268203623158612e+00 7.647548424009123380e+00 7.629200653567467683e+00 7.596449560935575107e+00 7.556855332468412456e+00 7.550379227189236708e+00 7.537850445896697948e+00 7.504027855518602408e+00 7.471762989268416533e+00 7.437178434572483177e+00 7.411039997008170843e+00 7.370887172071826754e+00 7.330246009688627495e+00 7.299634642531206197e+00
2.222222222222222099e-01 1.568602820730209402e-01 1.579015919814192870e-01 1.584492887024353536e-01 1.546758448392067109e-01 1.494427057429854599e-01 1.425491464195864921e-01 1.385809606691248419e-01 1.366600502806569750e-01 1.325287981814220473e-01 1.341501159118596576e-01 1.319336078012867119e-01 1.260141993428600671e-01 1.245592429882576013e-01 1.186280733753894978e-01 1.160142590004085150e-01
2.500000000000000000e-01 8.598755998516942611e+00 8.620171916967034775e+00 8.625339440214505160e+00 8.596665003122785365e+00 8.549732413643695850e+00 8.476614267372379885e+00 8.446965448372324659e+00 8.422386410479486329e+00 8.400984784612177236e+00 8.377310690861879294e+00 8.338280236852602556e+00 8.308538131253097703e+00 8.261393445682399417e+00 8.218442428360724250e+00 8.181432958047697213e+00
2.500000000000000000e-01 1.944713916151279420e-01 1.951955184961295942e-01 1.966897676773982084e-01 1.924267670126571517e-01 1.872012154885727142e-01 1.792299349474895109e-01 1.755727348119737741e-01 1.715682600285877157e-01 1.652247227774896743e-01 1.593242370786587259e-01 1.565280668837747413e-01 1.531942016106206950e-01 1.519509017366953429e-01 1.483015807966268085e-01 1.424779143414767191e-01
2.777777777777777901e-01 9.613580943387511013e+00 9.607131597345297536e+00 9.585817266157505401e+00 9.554759845354622527e+00 9.516260381693637527e+00 9.471666401440081984e+00 9.454337096351025593e+00 9.438927270903601396e+00 9.405330560738786261e+00 9.350274858759394903e+00 9.292354096890001358e+00 9.277931720449091202e+00 9.283812732407483281e+00 9.248038408947040878e+00 9.216587925686305027e+00
2.777777777777777901e-01 2.533492004518898000e-01 2.478403339090711199e-01 2.449867818689828169e-01 2.375373297699336916e-01 2.326226069687251652e-01 2.256643833597404836e-01 2.157349394646743690e-01 2.108344047003782862e-01 2.024867660254408008e-01 1.988449587425638043e-01 1.946780345399350409e-01 1.937153910234101772e-01 1.937509611873142745e-01 1.869705487141963829e-01 1.838336134584022119e-01
3.055555555555555802e-01 1.071458111860108531e+01 1.071279001658800212e+01 1.072653222816788343e+01 1.071261751950223484e+01 1.065673558917680808e+01 1.057455166963917037e+01 1.061303347368563976e+01 1.062649745013996494e+01 1.059467904837199725e+01 1.053769453603700512e+01 1.047275501743511938e+01 1.043601682029665945e+01 1.040100975998790389e+01 1.035478588649722909e+01 1.031745956881463044e+01
3.055555555555555802e-01 3.212699387263011630e-01 3.112767661657347418e-01 3.003256393370090649e-01 2.950790172866764038e-01 2.839929449045666132e-01 2.838150136383603694e-01 2.821225658741521869e-01 2.743442880467927836e-01 2.650457460170887458e-01 2.595373339978941374e-01 2.580452804449038240e-01 2.557332896236736985e-01 2.514832086467606587e-01 2.448633749982604968e-01 2.409086244353488837e-01
3.333333333333333148e-01 1.196419654714351566e+01 1.192919859688817397e+01 1.198812278697598011e+01 1.204928850211473801e+01 1.202750533803348887e+01 1.193844987645470646e+01 1.189384268825753388e+01 1.188014267232293975e+01 1.184169455028993312e+01 1.178139862489219425e+01 1.172294514509873053e+01 1.170792868034632761e+01 1.170244071550646403e+01 1.164330556116171955e+01 1.159965768610627102e+01
3.333333333333333148e-01 3.961371419201444866e-01 3.892388499367882559e-01 3.799354700151447162e-01 3.668192725639727314e-01 3.649701358419683572e-01 3.609631477065029515e-01 3.577934170041583428e-01 3.462322317858479437e-01 3.446045336002541148e-01 3.344174453439521244e-01 3.243694479225229799e-01 3.351119060676861494e-01 3.318559187157621437e-01 3.273194562650729722e-01 3.215539056850111876e-01
3.611111111111111049e-01 1.331212564338829729e+01 1.343075051949735510e+01 1.349156245971628820e+01 1.349209741973393584e+01 1.343381777080339212e+01 1.331417557700858545e+01 1.330210971931009745e+01 1.330421027480987561e+01 1.322459274536200269e+01 1.320798343726602297e+01 1.317699509976132788e+01 1.312566789107341236e+01 1.307439361416940571e+01 1.300347452839066520e+01 1.296278958580563767e+01
3.611111111111111049e-01 4.833203829844752164e-01 4.841296662726239930e-01 4.614091741474837249e-01 4.557396400281863436e-01 4.437848661060463940e-01 4.420456343225858120e-01 4.479920446383403032e-01 4.499559860703659098e-01 4.394025579212570420e-01 4.245025415984873263e-01 4.247499035744599638e-01 4.095486272061723554e-01 4.079391706261841222e-01 3.970761284523511847e-01 3.895560933011470439e-01
3.888888888888888951e-01 1.503977498827718762e+01 1.500146758883954412e+01 1.497240201764554435e+01 1.500266176406003460e+01 1.498213380929735017e+01 1.489287965288803406e+01 1.490074920993221319e+01 1.489512274904863176e+01 1.482804753587450719e+01 1.475810795126335506e+01 1.467373293651759347e+01 1.461247187684003279e+01 1.456385923024613582e+01 1.448623040077140445e+01 1.445048113704568138e+01
3.888888888888888951e-01 5.989517417283991563e-01 5.771700304143081439e-01 5.666923622972923624e-01 5.521133497860102324e-01 5.575052573482395246e-01 5.573814866470634399e-01 5.525074951582116256e-01 5.458454439284050608e-01 5.348303137179630795e-01 5.226759741120901026e-01 5.028216186618283956e-01 4.948626044324377915e-01 4.937375554825571555e-01 4.837990177635269617e-01 4.712266752599685304e-01
4.166666666666666852e-01 1.668135275315576393e+01 1.667353204963934843e+01 1.668752233702724652e+01 1.670777654614698093e+01 1.666784791532340293e+01 1.654804679452323768e+01 1.650340438012717215e+01 1.646443341113972991e+01 1.638943190836935315e+01 1.631072697407067551e+01 1.620694179847575356e+01 1.614308850719467969e+01 1.609398453864492140e+01 1.600733353462271680e+01 1.596825408993112738e+01
4.166666666666666852e-01 7.218214870888175483e-01 7.090442146383821864e-01 6.873950883561548153e-01 6.798390867385606384e-01 6.766530534882875259e-01 6.678537120514782544e-01 6.555849451683783968e-01 6.410040657326803171e-01 6.214206471942986809e-01 6.208864525095698639e-01 6.093724984452038029e-01 6.007823236569187486e-01 6.063895393342306761e-01 5.930776706977773927e-01 5.744847837599511564e-01
4.444444444444444198e-01 1.825371538247421555e+01 1.823161637898393650e+01 1.822058831083627695e+01 1.819470248554821268e+01 1.814131162057113045e+01 1.799870630914186620e+01 1.791024967229287768e+01 1.787016975969535082e+01 1.779830371829284275e+01 1.772120161645997882e+01 1.763006950856281208e+01 1.750232444797919129e+01 1.747524823875196276e+01 1.740114211519389187e+01 1.739813804558362875e+01
4.444444444444444198e-01 8.484079795248540279e-01 8.374013729207874235e-01 8.105411649730456247e-01 7.797386749023615948e-01 7.781695377329000962e-01 7.748858266260327810e-01 7.603755163048475652e-01 7.466311175439415138e-01 7.460132204064322536e-01 7.225386173338250728e-01 7.016660797409102202e-01 7.184458312294133009e-01 6.997968185011380626e-01 6.627207952800269197e-01 6.285073450890514835e-01
4.722222222222222099e-01 1.916147951319135956e+01 1.910183689551200104e+01 1.907544155499979865e+01 1.907932048120176205e+01 1.902003328108224878e+01 1.890059564260534586e+01 1.877952272903177189e+01 1.871208902236919158e+01 1.859498169071763130e+01 1.856012624422469059e+01 1.851936046533516489e+01 1.843484881480825877e+01 1.839090888115067912e+01 1.828618173789690360e+01 1.824278379999341126e+01
4.722222222222222099e-01 9.462434246228994539e-01 9.431710161311066543e-01 8.981750509469925703e-01 8.569855757517608197e-01 8.536112541510192386e-01 8.315222415792398181e-01 8.563909787267540707e-01 8.591755943355252612e-01 8.259788274715269552e-01 8.230037942430072917e-01 7.824305618117186611e-01 7.626235109950236790e-01 7.524639335817191466e-01 7.238939105605375346e-01 7.094594943856016300e-01
5.000000000000000000e-01 1.938449176314811240e+01 1.929482767879571270e+01 1.923012779649039317e+01 1.922387835095380382e+01 1.911979349055822297e+01 1.902878817689218849e+01 1.898349951197616647e+01 1.889579464535729514e+01 1.879946194900463041e+01 1.869195632635698701e+01 1.858010844904355707e+01 1.848383316063164017e+01 1.840818931508959722e+01 1.829238803377343459e+01 1.817166913343831425e+01
5.000000000000000000e-01 1.014705802996743955e+00 1.018215596592821015e+00 9.828960497807308627e-01 9.416953882972407541e-01 9.162867454842817949e-01 9.309265280483387528e-01 9.288434713487276895e-01 9.398164811654510231e-01 8.893233445941497450e-01 8.682076421710362979e-01 8.316600172496180221e-01 8.361987965952124569e-01 8.033691120911505834e-01 7.926265980995239602e-01 7.921791971910252528e-01
